// Autogenerated file
#include "egg_stats.h"

std::array<MultivariateNormal<4>, EGG_TYPE_COUNT> egg_stats::expectations = {
	// none
	(MultivariateNormal<4>) {
		(Matrix<float,4,1>() << 70.35, 98.4, 136.3, 59.25).finished(),
		(Matrix<float,4,4>() << 8.02894736842, 4.74736842105, 1.94210526316, 10.8026315789,
		                        4.74736842105, 3.51578947368, 1.18947368421, 7.10526315789,
		                        1.94210526316, 1.18947368421, 1.16842105263, 3.39473684211,
		                        10.8026315789, 7.10526315789, 3.39473684211, 19.1447368421).finished()
	},
	// white
	(MultivariateNormal<4>) {
		(Matrix<float,4,1>() << 105.25, 161.5, 193.95, 82.3).finished(),
		(Matrix<float,4,4>() << 15.0394736842, 25.7631578947, 22.2236842105, 2.02631578947,
		                        25.7631578947, 50.3684210526, 46.7105263158, 5.63157894737,
		                        22.2236842105, 46.7105263158, 50.5763157895, 3.91052631579,
		                        2.02631578947, 5.63157894737, 3.91052631579, 3.06315789474).finished()
	},
	// brown
	(MultivariateNormal<4>) {
		(Matrix<float,4,1>() << 85.65, 125.05, 171.2, 62.7).finished(),
		(Matrix<float,4,4>() << 36.5552631579, 52.0710526316, 48.7052631579, 21.6789473684,
		                        52.0710526316, 84.05, 79.9894736842, 31.1210526316,
		                        48.7052631579, 79.9894736842, 83.2210526316, 29.9052631579,
		                        21.6789473684, 31.1210526316, 29.9052631579, 18.6421052632).finished()
	},
	// cream
	(MultivariateNormal<4>) {
		(Matrix<float,4,1>() << 75.1, 113.9, 151.8, 61.2).finished(),
		(Matrix<float,4,4>() << 33.3578947368, 29.6947368421, 53.8105263158, 26.5578947368,
		                        29.6947368421, 77.6736842105, 61.9263157895, 26.2842105263,
		                        53.8105263158, 61.9263157895, 111.010526316, 45.7789473684,
		                        26.5578947368, 26.2842105263, 45.7789473684, 23.1157894737).finished()
	}
};

